00000000000000000000000000000000
00000000000000000000000000000001
00000000000000000000000000111100
00000000000000000000000011101001
00000000000000000000000011001100
00000000000000000000000010010100
00000000000000000000000010100101
00000000000000000000000000000000
11111111111111111111111101011011
11111111111111111111111111110110
00000000000000000000000001011011
00000000000000000000000011010100
00000000000000000000000001100001
00000000000000000000000000001011
00000000000000000000000001010010
00000000000000000000000010100101
00000000000000000000000010011011
00000000000000000000000000000000
00000000000000000000000000000001
00000000000000000000000011111011
00000000000000000000000000000001
00000000000000000000000000000000
00000000000000000000000001001101
00000000000000000000000001110001
11111111111111111111111101001001
00000000000000000000000010101111
00000000000000000000000000011010
00000000000000000000000000011011
00000000000000000000000000011100
00000000000000000000000000011101
00000000000000000000000000011110
00000000000000000000000000011111
